[gd_scene load_steps=10 format=3 uid="uid://sg7vm8mo3773"]

[ext_resource type="PackedScene" uid="uid://d2ovd10is7ytl" path="res://Prefabs/Actors/Enemies/enemy_rig.tscn" id="1_4l3gd"]

[sub_resource type="ViewportTexture" id="ViewportTexture_on575"]
viewport_path = NodePath("TransformBreak/Graphic/SubViewport")

[sub_resource type="CylinderMesh" id="CylinderMesh_ofrnb"]

[sub_resource type="Skin" id="Skin_amlmx"]
resource_name = "Skin"
bind_count = 33
bind/0/name = &"Bone"
bind/0/bone = -1
bind/0/pose = Transform3D(1, -4.76464e-07, 1.88954e-08, -1.06581e-14, 0.0396264, 0.999215, -4.76838e-07, -0.999214, 0.0396264, 7.13848e-07, 0.668957, 1.49704)
bind/1/name = &"BoneTGT"
bind/1/bone = -1
bind/1/pose = Transform3D(1, -1.19203e-06, -1.29095e-08, 2.13163e-14, -0.0108292, 0.999941, -1.1921e-06, -0.999941, -0.0108292, 1.76102e-06, 0.42978, 1.47724)
bind/2/name = &"Bone.002"
bind/2/bone = -1
bind/2/pose = Transform3D(1, -1.36108e-06, -4.40249e-07, 1.42108e-13, -0.307756, 0.951465, -1.43051e-06, -0.951465, -0.307756, 2.17146e-06, 0.0940942, 1.51796)
bind/3/name = &"Bone.003"
bind/3/bone = -1
bind/3/pose = Transform3D(1, -1.51978e-06, -6.89636e-07, 1.13687e-13, -0.41322, 0.910631, -1.66893e-06, -0.910631, -0.41322, 2.57121e-06, -0.1136, 1.54064)
bind/4/name = &"Bone.004"
bind/4/bone = -1
bind/4/pose = Transform3D(1, -1.30057e-06, -5.9572e-07, 1.7053e-13, -0.416438, 0.909164, -1.43051e-06, -0.909163, -0.416438, 2.20752e-06, -0.712247, 1.54316)
bind/5/name = &"Bone.005"
bind/5/bone = -1
bind/5/pose = Transform3D(1, -2.02578e-06, -7.07467e-07, 1.13687e-13, -0.329703, 0.944085, -2.14577e-06, -0.944084, -0.329703, 2.96408e-06, -1.79706, 1.38136)
bind/6/name = &"F_Leg_L"
bind/6/bone = -1
bind/6/pose = Transform3D(0.552601, 0.0894094, -0.828636, -0.00469499, -0.993879, -0.11037, -0.833432, 0.064881, -0.548799, 0.211724, 0.918624, 0.848973)
bind/7/name = &"F_Thigh_L"
bind/7/bone = -1
bind/7/pose = Transform3D(0.583676, 0.318504, -0.746912, 0.0342459, -0.928694, -0.36926, -0.811264, 0.18995, -0.552964, 0.0188536, 0.713605, 0.775039)
bind/8/name = &"F_Foot_L"
bind/8/bone = -1
bind/8/pose = Transform3D(0.587362, -0.618034, -0.522531, -0.0322055, -0.662976, 0.747947, -0.808683, -0.422487, -0.409312, 0.113739, -0.266579, 0.838838)
bind/9/name = &"F_Toe_L"
bind/9/bone = -1
bind/9/pose = Transform3D(0.590474, -0.805373, -0.0520907, -0.0314976, -0.0874917, 0.995667, -0.806442, -0.586274, -0.0770291, -0.277209, -0.815948, 0.563807)
bind/10/name = &"F_Leg_R"
bind/10/bone = -1
bind/10/pose = Transform3D(0.552601, -0.0894098, 0.828636, 0.00469416, -0.993879, -0.11037, 0.833433, 0.0648804, -0.548799, -0.211724, 0.918623, 0.848973)
bind/11/name = &"F_Thigh_R"
bind/11/bone = -1
bind/11/pose = Transform3D(0.583676, -0.318504, 0.746912, -0.034246, -0.928694, -0.36926, 0.811264, 0.18995, -0.552964, -0.0188537, 0.713605, 0.775039)
bind/12/name = &"F_Foot_R"
bind/12/bone = -1
bind/12/pose = Transform3D(0.587362, 0.618034, 0.522532, 0.0322054, -0.662976, 0.747947, 0.808683, -0.422487, -0.409311, -0.113739, -0.266579, 0.838839)
bind/13/name = &"F_Toe_R"
bind/13/bone = -1
bind/13/pose = Transform3D(0.590473, 0.805374, 0.0520908, 0.0314976, -0.0874915, 0.995667, 0.806443, -0.586273, -0.077029, 0.277209, -0.815948, 0.563808)
bind/14/name = &"H_Leg_L"
bind/14/bone = -1
bind/14/pose = Transform3D(0.0289033, -0.0645172, 0.997498, 0.398871, -0.914278, -0.0706922, 0.916552, 0.399916, -0.000691564, 0.753178, 0.508649, -0.79832)
bind/15/name = &"H_Thigh_L"
bind/15/bone = -1
bind/15/pose = Transform3D(0.0719757, -0.305825, 0.949363, -0.0489415, -0.951768, -0.30289, 0.996205, -0.0246627, -0.0834717, 0.816883, 0.307922, -0.687297)
bind/16/name = &"H_Foot_L"
bind/16/bone = -1
bind/16/pose = Transform3D(0.0707817, 0.754925, 0.65198, 0.100698, -0.655688, 0.748287, 0.992396, 0.0126881, -0.12243, 0.308589, 0.719024, -0.726427)
bind/17/name = &"H_Toe_L"
bind/17/bone = -1
bind/17/pose = Transform3D(0.0611108, 0.990543, 0.122837, 0.0906763, -0.128067, 0.987612, 0.994004, -0.0492154, -0.0976451, -0.009575, 0.532707, -0.710109)
bind/18/name = &"H_Leg_R"
bind/18/bone = -1
bind/18/pose = Transform3D(0.0289035, 0.0645171, -0.997498, -0.39887, -0.914278, -0.0706923, -0.916552, 0.399915, -0.000691825, -0.753177, 0.508649, -0.798321)
bind/19/name = &"H_Thigh_R"
bind/19/bone = -1
bind/19/pose = Transform3D(0.0719756, 0.305825, -0.949363, 0.0489416, -0.951768, -0.302889, -0.996205, -0.0246626, -0.0834716, -0.816883, 0.307923, -0.687297)
bind/20/name = &"H_Foot_R"
bind/20/bone = -1
bind/20/pose = Transform3D(0.0707816, -0.754925, -0.65198, -0.100698, -0.655688, 0.748287, -0.992396, 0.0126883, -0.12243, -0.308589, 0.719024, -0.726426)
bind/21/name = &"H_Toe_R"
bind/21/bone = -1
bind/21/pose = Transform3D(0.061111, -0.990543, -0.122837, -0.0906763, -0.128067, 0.987612, -0.994004, -0.0492154, -0.0976451, 0.00957527, 0.532707, -0.710108)
bind/22/name = &"Bone.006"
bind/22/bone = -1
bind/22/pose = Transform3D(1, -1.99836e-07, 1.30034e-07, 6.39488e-13, -0.545404, -0.838173, 2.38417e-07, 0.838172, -0.545404, 3.88264e-07, 0.191411, -1.6285)
bind/23/name = &"Tail_0"
bind/23/bone = -1
bind/23/pose = Transform3D(1, 4.75482e-08, -2.53588e-09, 2.08355e-08, -0.484832, -0.874607, -4.28172e-08, 0.874606, -0.484832, -5.12574e-08, -0.781081, -1.57726)
bind/24/name = &"Tail_1"
bind/24/bone = -1
bind/24/pose = Transform3D(1, 4.75486e-08, -2.53614e-09, -3.19799e-09, 0.0139146, -0.999903, -4.75105e-08, 0.999902, 0.0139152, -5.12582e-08, -1.92197, -0.716921)
bind/25/name = &"Tail_2"
bind/25/bone = -1
bind/25/pose = Transform3D(1, 4.75486e-08, -2.53614e-09, -3.77577e-09, 0.0260784, -0.99966, -4.74681e-08, 0.999659, 0.026079, -5.12583e-08, -2.7376, -0.683666)
bind/26/name = &"Tail_3"
bind/26/bone = -1
bind/26/pose = Transform3D(1, 4.75486e-08, -2.53615e-09, -4.41404e-09, 0.039525, -0.999219, -4.7413e-08, 0.999217, 0.0395256, -5.12582e-08, -3.56858, -0.635714)
bind/27/name = &"Tail_4"
bind/27/bone = -1
bind/27/pose = Transform3D(1, 4.75486e-08, -2.53614e-09, -3.20259e-09, 0.0140114, -0.999902, -4.75102e-08, 0.9999, 0.014012, -5.12582e-08, -4.30809, -0.745902)
bind/28/name = &"FR_Control"
bind/28/bone = -1
bind/28/pose = Transform3D(0.590468, 0.805376, 0.0520911, 0.0314967, -0.0874904, 0.995667, 0.806439, -0.586251, -0.0770269, 0.270853, -0.937374, 0.573196)
bind/29/name = &"HR_Control"
bind/29/bone = -1
bind/29/pose = Transform3D(0.0611091, -0.990541, -0.122837, -0.0906751, -0.128067, 0.987612, -0.993998, -0.049205, -0.0976432, 0.0265066, 0.396568, -0.696644)
bind/30/name = &"FL_Control"
bind/30/bone = -1
bind/30/pose = Transform3D(0.590469, -0.805375, -0.0520911, -0.0314967, -0.0874905, 0.995667, -0.806438, -0.586252, -0.077027, -0.271067, -0.933288, 0.57288)
bind/31/name = &"TailControl"
bind/31/bone = -1
bind/31/pose = Transform3D(1, -2.12491e-14, 1.7918e-16, -1.89205e-18, -0.00852108, -0.999964, 2.12499e-14, 0.999964, -0.00852108, 1.80217e-14, -4.92286, -0.857041)
bind/32/name = &"HL_Control"
bind/32/bone = -1
bind/32/pose = Transform3D(0.0611089, 0.990541, 0.122837, 0.0906751, -0.128067, 0.987612, 0.993998, -0.0492048, -0.0976432, -0.0244975, 0.412719, -0.698241)

[sub_resource type="Animation" id="Animation_ujckt"]
resource_name = "Attack"
tracks/0/type = "position_3d"
tracks/0/imported = true
tracks/0/enabled = true
tracks/0/path = NodePath("Armature/Skeleton3D:Bone")
tracks/0/interp = 1
tracks/0/loop_wrap = true
tracks/0/keys = PackedFloat32Array(0, 1, -9.79354e-14, 1.46936, -0.727755, 0.0333333, 1, -4.93413e-09, 1.45807, -0.751231, 0.0666667, 1, -1.72693e-08, 1.42986, -0.809921, 0.133333, 1, -4.93407e-08, 1.35649, -0.962516, 0.166667, 1, -6.16759e-08, 1.32828, -1.02121, 0.2, 1, -4.28796e-14, 1.31699, -1.04468, 0.233333, 1, -3.74171e-14, 1.39888, -0.972753, 0.266667, 1, -6.37357e-14, 1.59937, -0.796649, 0.3, 1, -1.35882e-14, 1.85068, -0.575898, 0.333333, 1, -2.74172e-14, 2.08506, -0.37003, 0.366667, 1, -1.69282e-13, 2.23472, -0.238572, 0.4, 1, 2.96966e-14, 2.25095, -0.22431, 0.433333, 1, 2.96281e-14, 2.20895, -0.261205, 0.466667, 1, 5.79262e-14, 2.13306, -0.327864, 0.5, 1, 2.93394e-14, 2.03176, -0.416846, 0.533333, 1, -7.03293e-14, 1.91351, -0.520711, 0.6, 1, -2.81097e-14, 1.66008, -0.743321, 0.633333, 1, -1.76442e-14, 1.54183, -0.847185, 0.666667, 1, -8.53108e-14, 1.44053, -0.936168, 0.7, 1, 6.93608e-15, 1.36464, -1.00283, 0.733333, 1, -5.70812e-14, 1.32264, -1.03972, 0.766667, 1, 8.48558e-10, 1.31893, -1.04064, 0.8, 1, 6.92742e-09, 1.33284, -1.01172, 0.833333, 1, 1.72692e-08, 1.35649, -0.962516, 0.866667, 1, 2.99794e-08, 1.38557, -0.902042, 0.9, 1, 4.31632e-08, 1.41573, -0.839313, 0.933333, 1, 5.4926e-08, 1.44263, -0.783346, 0.966667, 1, 6.33732e-08, 1.46196, -0.743155, 1, 1, -9.79354e-14, 1.46936, -0.727755)
tracks/1/type = "rotation_3d"
tracks/1/imported = true
tracks/1/enabled = true
tracks/1/path = NodePath("Armature/Skeleton3D:Bone")
tracks/1/interp = 1
tracks/1/loop_wrap = true
tracks/1/keys = PackedFloat32Array(0, 1, 0.692955, -1.71896e-07, -1.65214e-07, 0.720981, 0.2, 1, 0.692955, -1.71896e-07, -1.65214e-07, 0.720981, 0.233333, 1, 0.6944, -1.72227e-07, -1.64869e-07, 0.719589, 0.266667, 1, 0.697926, -1.73034e-07, -1.64021e-07, 0.71617, 0.3, 1, 0.702323, -1.74041e-07, -1.62952e-07, 0.711859, 0.333333, 1, 0.706399, -1.74974e-07, -1.6195e-07, 0.707814, 0.366667, 1, 0.708989, -1.75567e-07, -1.61307e-07, 0.705219, 0.4, 1, 0.70927, -1.68025e-07, -1.69151e-07, 0.704937, 0.433333, 1, 0.708544, -1.67859e-07, -1.69332e-07, 0.705667, 0.466667, 1, 0.707231, -1.67558e-07, -1.69658e-07, 0.706983, 0.5, 1, 0.705474, -1.67156e-07, -1.70092e-07, 0.708736, 0.533333, 1, 0.703418, -1.66685e-07, -1.70598e-07, 0.710777, 0.6, 1, 0.698991, -1.65672e-07, -1.71677e-07, 0.715131, 0.633333, 1, 0.696916, -1.65197e-07, -1.72178e-07, 0.717153, 0.666667, 1, 0.695134, -1.64789e-07, -1.72607e-07, 0.71888, 0.7, 1, 0.693796, -1.64482e-07, -1.72927e-07, 0.720171, 0.733333, 1, 0.693055, -1.64312e-07, -1.73104e-07, 0.720885, 1, 1, 0.692955, -1.71896e-07, -1.65214e-07, 0.720981)
tracks/2/type = "rotation_3d"
tracks/2/imported = true
tracks/2/enabled = true
tracks/2/path = NodePath("Armature/Skeleton3D:BoneTGT")
tracks/2/interp = 1
tracks/2/loop_wrap = true
tracks/2/keys = PackedFloat32Array(0, 1, 0.0252305, -3.57515e-07, -2.1054e-08, 0.999682, 0.2, 1, 0.0252305, -3.57515e-07, -2.1054e-08, 0.999682, 0.233333, 1, 0.0299089, -3.57609e-07, -1.93805e-08, 0.999553, 0.266667, 1, 0.0413638, -3.57808e-07, -1.52803e-08, 0.999144, 0.3, 1, 0.0557185, -3.57991e-07, -1.01366e-08, 0.998447, 0.333333, 1, 0.0690939, -3.58094e-07, -5.33818e-09, 0.99761, 0.366667, 1, 0.0776256, -3.58127e-07, -2.2746e-09, 0.996983, 0.4, 1, 0.0785507, -3.56514e-07, -6.59327e-08, 0.99691, 0.433333, 1, 0.0761573, -3.56508e-07, -6.67963e-08, 0.997096, 0.466667, 1, 0.0718314, -3.56493e-07, -6.83558e-08, 0.997417, 0.5, 1, 0.0660536, -3.56461e-07, -7.0436e-08, 0.997816, 0.533333, 1, 0.0593055, -3.56409e-07, -7.28615e-08, 0.99824, 0.6, 1, 0.0448322, -3.56243e-07, -7.80493e-08, 0.998995, 0.633333, 1, 0.0380767, -3.56141e-07, -8.0464e-08, 0.999275, 0.666667, 1, 0.0322886, -3.56039e-07, -8.25294e-08, 0.999479, 0.7, 1, 0.0279528, -3.55956e-07, -8.40746e-08, 0.999609, 0.733333, 1, 0.0255531, -3.55907e-07, -8.4929e-08, 0.999674, 1, 1, 0.0252305, -3.57515e-07, -2.1054e-08, 0.999682)
tracks/3/type = "rotation_3d"
tracks/3/imported = true
tracks/3/enabled = true
tracks/3/path = NodePath("Armature/Skeleton3D:Bone.002")
tracks/3/interp = 1
tracks/3/loop_wrap = true
tracks/3/keys = PackedFloat32Array(0, 1, 0.150429, -1.17852e-07, -1.97258e-07, 0.988621, 0.2, 1, 0.150429, -1.17852e-07, -1.97258e-07, 0.988621, 0.233333, 1, 0.159846, -1.17676e-07, -2.09606e-07, 0.987142, 0.266667, 1, 0.182867, -1.17198e-07, -2.39795e-07, 0.983138, 0.3, 1, 0.211613, -1.16509e-07, -2.7749e-07, 0.977353, 0.333333, 1, 0.238248, -1.15776e-07, -3.12415e-07, 0.971204, 0.366667, 1, 0.25514, -1.15263e-07, -3.34566e-07, 0.966904, 0.4, 1, 0.256966, -1.15205e-07, -3.36961e-07, 0.96642, 0.433333, 1, 0.252239, -1.15354e-07, -3.30762e-07, 0.967665, 0.466667, 1, 0.243677, -1.15615e-07, -3.19534e-07, 0.969857, 0.5, 1, 0.232209, -1.1595e-07, -3.04496e-07, 0.972666, 0.533333, 1, 0.218772, -1.16321e-07, -2.86877e-07, 0.975776, 0.6, 1, 0.189826, -1.17041e-07, -2.48919e-07, 0.981818, 0.633333, 1, 0.176267, -1.17342e-07, -2.3114e-07, 0.984342, 0.666667, 1, 0.164633, -1.17582e-07, -2.15884e-07, 0.986355, 0.7, 1, 0.155909, -1.17751e-07, -2.04444e-07, 0.987771, 0.733333, 1, 0.151079, -1.1784e-07, -1.9811e-07, 0.988522, 1, 1, 0.150429, -1.17852e-07, -1.97258e-07, 0.988621)
tracks/4/type = "rotation_3d"
tracks/4/imported = true
tracks/4/enabled = true
tracks/4/path = NodePath("Armature/Skeleton3D:Bone.003")
tracks/4/interp = 1
tracks/4/loop_wrap = true
tracks/4/keys = PackedFloat32Array(0, 1, 0.0565467, -1.19018e-07, -8.76316e-08, 0.9984, 0.2, 1, 0.0565467, -1.19018e-07, -8.76316e-08, 0.9984, 0.233333, 1, 0.0653395, -1.18954e-07, -1.01258e-07, 0.997863, 0.266667, 1, 0.0868687, -1.18758e-07, -1.34622e-07, 0.99622, 0.3, 1, 0.113822, -1.18434e-07, -1.76392e-07, 0.993501, 0.333333, 1, 0.138874, -1.18054e-07, -2.15216e-07, 0.99031, 0.366667, 1, 0.154807, -1.17772e-07, -2.39908e-07, 0.987945, 0.4, 1, 0.156532, -1.1774e-07, -2.42581e-07, 0.987673, 0.433333, 1, 0.152068, -1.17823e-07, -2.35664e-07, 0.98837, 0.466667, 1, 0.143991, -1.17967e-07, -2.23146e-07, 0.989579, 0.5, 1, 0.133187, -1.18147e-07, -2.06402e-07, 0.991091, 0.533333, 1, 0.120547, -1.1834e-07, -1.86815e-07, 0.992708, 0.6, 1, 0.0933851, -1.18688e-07, -1.44721e-07, 0.99563, 0.633333, 1, 0.0806913, -1.1882e-07, -1.25049e-07, 0.996739, 0.666667, 1, 0.0698124, -1.18918e-07, -1.0819e-07, 0.99756, 0.7, 1, 0.061663, -1.18982e-07, -9.55604e-08, 0.998097, 0.733333, 1, 0.057153, -1.19014e-07, -8.85712e-08, 0.998365, 1, 1, 0.0565467, -1.19018e-07, -8.76316e-08, 0.9984)
tracks/5/type = "rotation_3d"
tracks/5/imported = true
tracks/5/enabled = true
tracks/5/path = NodePath("Armature/Skeleton3D:Bone.004")
tracks/5/interp = 1
tracks/5/loop_wrap = true
tracks/5/keys = PackedFloat32Array(0, 1, 0.00176829, 1.19209e-07, -2.74039e-09, 0.999998, 0.2, 1, 0.00176829, 1.19209e-07, -2.74039e-09, 0.999998, 0.233333, 1, 0.00735355, 1.19192e-07, -3.40614e-09, 0.999973, 0.266667, 1, 0.0210327, 1.19134e-07, -5.03641e-09, 0.999779, 0.3, 1, 0.0381801, 1.1903e-07, -7.07931e-09, 0.999271, 0.333333, 1, 0.0541593, 1.18902e-07, -8.98239e-09, 0.998532, 0.366667, 1, 0.0643511, 1.18804e-07, -1.01958e-08, 0.997927, 0.4, 1, 0.0654561, 1.18954e-07, -1.0199e-07, 0.997856, 0.433333, 1, 0.0625972, 1.18983e-07, -1.01657e-07, 0.998039, 0.466667, 1, 0.0574296, 1.19034e-07, -1.01055e-07, 0.99835, 0.5, 1, 0.0505272, 1.19096e-07, -1.00245e-07, 0.998723, 0.533333, 1, 0.0424655, 1.19161e-07, -9.92947e-08, 0.999098, 0.6, 1, 0.0251755, 1.19274e-07, -9.7235e-08, 0.999683, 0.633333, 1, 0.0171067, 1.19315e-07, -9.62641e-08, 0.999854, 0.666667, 1, 0.0101949, 1.19344e-07, -9.54276e-08, 0.999948, 0.7, 1, 0.00501814, 1.19361e-07, -9.47981e-08, 0.999987, 0.733333, 1, 0.00215342, 1.1937e-07, -9.44487e-08, 0.999998, 1, 1, 0.00176829, 1.19209e-07, -2.74039e-09, 0.999998)
tracks/6/type = "rotation_3d"
tracks/6/imported = true
tracks/6/enabled = true
tracks/6/path = NodePath("Armature/Skeleton3D:F_Leg_L")
tracks/6/interp = 1
tracks/6/loop_wrap = true
tracks/6/keys = PackedFloat32Array(0, 1, 0.556683, -0.367672, -0.298162, 0.682657, 0.0333333, 1, 0.544105, -0.373199, -0.291276, 0.692698, 0.0666667, 1, 0.508018, -0.387967, -0.271437, 0.719528, 0.1, 1, 0.451426, -0.408141, -0.240219, 0.756261, 0.133333, 1, 0.383089, -0.428216, -0.202524, 0.793006, 0.166667, 1, 0.320208, -0.443056, -0.167926, 0.820347, 0.2, 1, 0.291367, -0.448799, -0.15211, 0.830992, 0.233333, 1, 0.304344, -0.446335, -0.159073, 0.82635, 0.266667, 1, 0.298965, -0.447464, -0.155772, 0.828331, 0.3, 1, 0.295966, -0.446638, -0.157765, 0.829475, 0.333333, 1, 0.321254, -0.441431, -0.171431, 0.820089, 0.366667, 1, 0.329767, -0.439557, -0.176063, 0.816728, 0.4, 1, 0.330374, -0.43942, -0.176396, 0.816485, 0.433333, 1, 0.328682, -0.4398, -0.17547, 0.817162, 0.466667, 1, 0.324582, -0.440707, -0.173238, 0.818787, 0.5, 1, 0.316854, -0.442373, -0.169048, 0.821786, 0.533333, 1, 0.304288, -0.444979, -0.162257, 0.826483, 0.566667, 1, 0.286279, -0.448489, -0.152531, 0.832848, 0.6, 1, 0.279545, -0.451026, -0.145275, 0.83506, 0.633333, 1, 0.307402, -0.445794, -0.160471, 0.82524, 0.666667, 1, 0.308025, -0.445618, -0.161015, 0.824996, 0.7, 1, 0.299797, -0.447209, -0.156647, 0.828002, 0.733333, 1, 0.29249, -0.44859, -0.152717, 0.830599, 0.766667, 1, 0.29653, -0.44782, -0.154936, 0.82917, 0.8, 1, 0.33116, -0.440705, -0.173943, 0.816, 0.833333, 1, 0.383089, -0.428216, -0.202524, 0.793006, 0.866667, 1, 0.438282, -0.412348, -0.232965, 0.763941, 0.9, 1, 0.487526, -0.395676, -0.260139, 0.733544, 0.933333, 1, 0.525169, -0.381145, -0.280878, 0.707131, 0.966667, 1, 0.548554, -0.371267, -0.293714, 0.689189, 1, 1, 0.556683, -0.367672, -0.298162, 0.682657)
tracks/7/type = "rotation_3d"
tracks/7/imported = true
tracks/7/enabled = true
tracks/7/path = NodePath("Armature/Skeleton3D:F_Thigh_L")
tracks/7/interp = 1
tracks/7/loop_wrap = true
tracks/7/keys = PackedFloat32Array(0, 1, 0.0571535, 0.0202703, -0.117761, 0.991189, 0.0333333, 1, 0.0525168, 0.0201638, -0.11093, 0.992235, 0.0666667, 1, 0.0423547, 0.0200022, -0.095811, 0.994297, 0.1, 1, 0.0326362, 0.020055, -0.080979, 0.995979, 0.133333, 1, 0.0275692, 0.0204476, -0.0724397, 0.996782, 0.166667, 1, 0.0272568, 0.0210139, -0.0704376, 0.996922, 0.2, 1, 0.0281678, 0.0213144, -0.0708234, 0.996863, 0.233333, 1, 0.0323824, 0.0214395, -0.0768801, 0.996284, 0.266667, 1, 0.046939, 0.0223443, -0.0949882, 0.99412, 0.3, 1, 0.00381728, 0.0235472, -0.00717271, 0.99969, 0.566667, 1, 0.0038142, 0.0235159, -0.00717973, 0.99969, 0.6, 1, 0.0494419, 0.0228775, -0.0949001, 0.993995, 0.633333, 1, 0.0425441, 0.021979, -0.0901771, 0.994774, 0.666667, 1, 0.0350878, 0.0215504, -0.0805917, 0.995896, 0.7, 1, 0.0304483, 0.0213718, -0.0741441, 0.996553, 0.733333, 1, 0.0284113, 0.0213189, -0.071184, 0.996831, 0.8, 1, 0.0270745, 0.0209039, -0.0704827, 0.996926, 0.833333, 1, 0.0275692, 0.0204476, -0.0724397, 0.996782, 0.866667, 1, 0.0311819, 0.0201069, -0.078672, 0.99621, 0.9, 1, 0.0380934, 0.0199845, -0.089386, 0.995068, 0.933333, 1, 0.0466875, 0.0200554, -0.102286, 0.993456, 0.966667, 1, 0.0540787, 0.020198, -0.113235, 0.99189, 1, 1, 0.0571535, 0.0202703, -0.117761, 0.991189)
tracks/8/type = "rotation_3d"
tracks/8/imported = true
tracks/8/enabled = true
tracks/8/path = NodePath("Armature/Skeleton3D:F_Foot_L")
tracks/8/interp = 1
tracks/8/loop_wrap = true
tracks/8/keys = PackedFloat32Array(0, 1, -0.319125, 0.000722748, 0.487426, 0.812758, 0.0333333, 1, -0.318758, 0.000521911, 0.486508, 0.813451, 0.0666667, 1, -0.312717, 0.000101355, 0.476728, 0.821546, 0.1, 1, -0.293656, -0.000237193, 0.447693, 0.844593, 0.133333, 1, -0.260172, -0.000313664, 0.39769, 0.87986, 0.166667, 1, -0.221218, -0.000181522, 0.339953, 0.914054, 0.2, 1, -0.200906, -8.13032e-05, 0.309922, 0.929293, 0.233333, 1, -0.196468, 0.000143946, 0.303455, 0.932371, 0.266667, 1, -0.140338, 0.00101001, 0.220582, 0.965219, 0.3, 1, -0.00221302, 0.00172852, 0.00472766, 0.999985, 0.566667, 1, -0.00220465, 0.00164191, 0.00473079, 0.999985, 0.6, 1, -0.0959498, 0.00136777, 0.154234, 0.983363, 0.633333, 1, -0.165517, 0.00071203, 0.257888, 0.951892, 0.666667, 1, -0.190883, 0.000283867, 0.295277, 0.936149, 0.7, 1, -0.199334, 4.06729e-05, 0.307648, 0.930386, 0.733333, 1, -0.200862, -6.81885e-05, 0.309862, 0.929322, 0.766667, 1, -0.204649, -9.98531e-05, 0.315452, 0.926611, 0.8, 1, -0.228532, -0.000215659, 0.350778, 0.908145, 0.833333, 1, -0.260172, -0.000313631, 0.39769, 0.87986, 0.866667, 1, -0.288003, -0.000275303, 0.439201, 0.850974, 0.9, 1, -0.306918, -5.89328e-05, 0.467784, 0.828842, 0.933333, 1, -0.316358, 0.000276164, 0.482476, 0.816783, 0.966667, 1, -0.319017, 0.000589059, 0.487018, 0.813044, 1, 1, -0.319125, 0.000722748, 0.487426, 0.812758)
tracks/9/type = "rotation_3d"
tracks/9/imported = true
tracks/9/enabled = true
tracks/9/path = NodePath("Armature/Skeleton3D:F_Toe_L")
tracks/9/interp = 1
tracks/9/loop_wrap = true
tracks/9/keys = PackedFloat32Array(0, 1, -0.186779, 0.0117537, 0.25535, 0.948563, 0.0333333, 1, -0.185708, 0.0117346, 0.253748, 0.949203, 0.0666667, 1, -0.180617, 0.0116835, 0.246342, 0.952133, 0.1, 1, -0.16887, 0.0116123, 0.229531, 0.95847, 0.133333, 1, -0.150743, 0.0115331, 0.203836, 0.967261, 0.166667, 1, -0.130867, 0.0114588, 0.175844, 0.975613, 0.2, 1, -0.120697, 0.0114224, 0.161581, 0.979384, 0.233333, 1, -0.119129, 0.0114322, 0.159426, 0.979929, 0.266667, 1, -0.0924431, 0.0113839, 0.122314, 0.988111, 0.3, 1, -0.0023556, 0.0111629, 0.00170828, 0.999933, 0.566667, 1, -0.00237775, 0.011154, 0.00172553, 0.999933, 0.6, 1, -0.0691015, 0.0113157, 0.089961, 0.993481, 0.633333, 1, -0.104852, 0.0114139, 0.13957, 0.984579, 0.666667, 1, -0.116702, 0.0114324, 0.15606, 0.980763, 0.7, 1, -0.120269, 0.0114297, 0.161006, 0.979531, 0.733333, 1, -0.120714, 0.0114235, 0.161607, 0.979378, 0.766667, 1, -0.122571, 0.011429, 0.164205, 0.978715, 0.8, 1, -0.134548, 0.0114721, 0.181016, 0.974165, 0.833333, 1, -0.150743, 0.011533, 0.203836, 0.967261, 0.866667, 1, -0.165682, 0.0115967, 0.224995, 0.9601, 0.9, 1, -0.176779, 0.0116567, 0.240826, 0.954262, 0.933333, 1, -0.183344, 0.0117071, 0.250288, 0.950581, 0.966667, 1, -0.18614, 0.0117413, 0.254389, 0.948947, 1, 1, -0.186779, 0.0117537, 0.25535, 0.948563)
tracks/10/type = "rotation_3d"
tracks/10/imported = true
tracks/10/enabled = true
tracks/10/path = NodePath("Armature/Skeleton3D:F_Leg_R")
tracks/10/interp = 1
tracks/10/loop_wrap = true
tracks/10/keys = PackedFloat32Array(0, 1, 0.554851, 0.368498, 0.297143, 0.684146, 0.0333333, 1, 0.56746, 0.362687, 0.304251, 0.673705, 0.0666667, 1, 0.597254, 0.348041, 0.321039, 0.647371, 0.1, 1, 0.633206, 0.328462, 0.341285, 0.612117, 0.133333, 1, 0.666481, 0.308124, 0.360014, 0.575545, 0.166667, 1, 0.690576, 0.291792, 0.373579, 0.54626, 0.2, 1, 0.699814, 0.285127, 0.378776, 0.534314, 0.233333, 1, 0.689891, 0.292562, 0.372638, 0.547356, 0.266667, 1, 0.632992, 0.32978, 0.338881, 0.612965, 0.3, 1, 0.562043, 0.364862, 0.300226, 0.678858, 0.333333, 1, 0.547372, 0.37113, 0.292524, 0.690707, 0.366667, 1, 0.534384, 0.376527, 0.285648, 0.700761, 0.4, 1, 0.532864, 0.377145, 0.284844, 0.701913, 0.433333, 1, 0.53675, 0.37556, 0.286898, 0.698959, 0.466667, 1, 0.543499, 0.372754, 0.29048, 0.693746, 0.5, 1, 0.551367, 0.369439, 0.294629, 0.687534, 0.533333, 1, 0.558913, 0.366206, 0.298591, 0.681434, 0.566667, 1, 0.564484, 0.363827, 0.301497, 0.676822, 0.6, 1, 0.602702, 0.346814, 0.321179, 0.642896, 0.633333, 1, 0.654931, 0.316329, 0.351787, 0.589277, 0.666667, 1, 0.682159, 0.298101, 0.367973, 0.557127, 0.7, 1, 0.694865, 0.288887, 0.37568, 0.5409, 0.733333, 1, 0.699347, 0.285488, 0.378477, 0.534944, 0.766667, 1, 0.698242, 0.286279, 0.377891, 0.536378, 0.8, 1, 0.686779, 0.294464, 0.371443, 0.55105, 0.833333, 1, 0.666481, 0.308124, 0.360014, 0.575546, 0.866667, 1, 0.640323, 0.324303, 0.345294, 0.604637, 0.9, 1, 0.611386, 0.340611, 0.328997, 0.633997, 0.933333, 1, 0.584046, 0.354698, 0.313599, 0.659345, 0.966667, 1, 0.563171, 0.364688, 0.301833, 0.677302, 1, 1, 0.554851, 0.368498, 0.297142, 0.684146)
tracks/11/type = "rotation_3d"
tracks/11/imported = true
tracks/11/enabled = true
tracks/11/path = NodePath("Armature/Skeleton3D:F_Thigh_R")
tracks/11/interp = 1
tracks/11/loop_wrap = true
tracks/11/keys = PackedFloat32Array(0, 1, 0.056851, -0.0202717, 0.117299, 0.991261, 0.0666667, 1, 0.0564122, -0.0199196, 0.1173, 0.991293, 0.1, 1, 0.0572397, -0.0196996, 0.118863, 0.991064, 0.133333, 1, 0.0594633, -0.0196123, 0.12234, 0.990511, 0.166667, 1, 0.062016, -0.0196436, 0.126135, 0.989878, 0.2, 1, 0.0633294, -0.0196789, 0.128089, 0.989543, 0.233333, 1, 0.0770345, -0.020296, 0.148083, 0.985761, 0.266667, 1, 0.104832, -0.0218915, 0.186776, 0.976548, 0.3, 1, 0.00407589, -0.0240215, 0.00718369, 0.999677, 0.566667, 1, 0.00414404, -0.0240524, 0.00730455, 0.999675, 0.6, 1, 0.109788, -0.0224718, 0.192247, 0.974927, 0.633333, 1, 0.0979612, -0.0214032, 0.177663, 0.97897, 0.666667, 1, 0.083563, -0.0206113, 0.157459, 0.983768, 0.7, 1, 0.0714813, -0.020038, 0.140014, 0.987363, 0.733333, 1, 0.0643224, -0.0197216, 0.129546, 0.989288, 0.766667, 1, 0.0630912, -0.0196719, 0.127735, 0.989604, 0.8, 1, 0.0615343, -0.0196329, 0.12542, 0.989999, 0.833333, 1, 0.0594633, -0.0196123, 0.12234, 0.990511, 0.866667, 1, 0.0575646, -0.0196701, 0.119385, 0.990983, 0.9, 1, 0.0566643, -0.0198257, 0.117859, 0.991214, 1, 1, 0.056851, -0.0202717, 0.117299, 0.991261)
tracks/12/type = "rotation_3d"
tracks/12/imported = true
tracks/12/enabled = true
tracks/12/path = NodePath("Armature/Skeleton3D:F_Foot_R")
tracks/12/interp = 1
tracks/12/loop_wrap = true
tracks/12/keys = PackedFloat32Array(0, 1, -0.318325, -0.000711448, -0.486206, 0.813801, 0.0333333, 1, -0.328481, -0.000673853, -0.501363, 0.80046, 0.0666667, 1, -0.351222, -0.000620718, -0.535349, 0.768143, 0.1, 1, -0.37599, -0.000628972, -0.572437, 0.728661, 0.133333, 1, -0.39615, -0.000771743, -0.602775, 0.692623, 0.166667, 1, -0.408868, -0.000984953, -0.622036, 0.667755, 0.2, 1, -0.413325, -0.00109753, -0.628822, 0.658593, 0.233333, 1, -0.384996, -0.00173857, -0.5876, 0.711689, 0.266667, 1, -0.279058, -0.00308788, -0.431346, 0.857938, 0.3, 1, -0.0026345, -0.00354374, -0.00491619, 0.999978, 0.566667, 1, -0.00267943, -0.0036098, -0.00499651, 0.999977, 0.6, 1, -0.226696, -0.00346245, -0.353143, 0.907682, 0.633333, 1, -0.316979, -0.00271672, -0.487604, 0.813486, 0.666667, 1, -0.368024, -0.00203493, -0.562777, 0.74016, 0.7, 1, -0.397596, -0.0014767, -0.605981, 0.688987, 0.733333, 1, -0.411563, -0.00114352, -0.62627, 0.662118, 0.766667, 1, -0.412584, -0.00107707, -0.627691, 0.660135, 0.8, 1, -0.406967, -0.000943962, -0.619148, 0.67159, 0.833333, 1, -0.39615, -0.000771743, -0.602775, 0.692623, 0.866667, 1, -0.380524, -0.000646443, -0.579245, 0.720886, 0.933333, 1, -0.341362, -0.00063728, -0.520606, 0.782586, 0.966667, 1, -0.325061, -0.000685785, -0.496258, 0.805023, 1, 1, -0.318325, -0.000711448, -0.486206, 0.813801)
tracks/13/type = "rotation_3d"
tracks/13/imported = true
tracks/13/enabled = true
tracks/13/path = NodePath("Armature/Skeleton3D:F_Toe_R")
tracks/13/interp = 1
tracks/13/loop_wrap = true
tracks/13/keys = PackedFloat32Array(0, 1, -0.186297, -0.0117503, -0.254659, 0.948844, 0.0333333, 1, -0.191655, -0.0117687, -0.262287, 0.945693, 0.0666667, 1, -0.204002, -0.0118108, -0.279886, 0.938034, 0.1, 1, -0.217832, -0.0118639, -0.299667, 0.928767, 0.133333, 1, -0.229809, -0.0119196, -0.316876, 0.920128, 0.166667, 1, -0.237655, -0.0119701, -0.328224, 0.914137, 0.2, 1, -0.240561, -0.0119914, -0.332441, 0.911849, 0.233333, 1, -0.226984, -0.0119869, -0.313196, 0.922086, 0.266667, 1, -0.174827, -0.0118857, -0.239221, 0.955022, 0.3, 1, -0.00166083, -0.0113465, -0.00106954, 0.999934, 0.566667, 1, -0.00169882, -0.0113564, -0.00111041, 0.999933, 0.6, 1, -0.148285, -0.0118045, -0.20163, 0.9681, 0.633333, 1, -0.193631, -0.0119329, -0.265887, 0.944282, 0.666667, 1, -0.218698, -0.0119781, -0.301446, 0.927986, 0.7, 1, -0.233057, -0.0119906, -0.321808, 0.917595, 0.733333, 1, -0.239727, -0.0119915, -0.331259, 0.912499, 0.766667, 1, -0.24007, -0.0119876, -0.331728, 0.912239, 0.8, 1, -0.236445, -0.0119616, -0.326471, 0.915078, 0.833333, 1, -0.229809, -0.0119196, -0.316876, 0.920128, 0.866667, 1, -0.220442, -0.0118753, -0.303411, 0.926934, 0.9, 1, -0.209688, -0.0118305, -0.288004, 0.934315, 0.933333, 1, -0.19858, -0.0117924, -0.272154, 0.941467, 0.966667, 1, -0.189842, -0.0117625, -0.259705, 0.946771, 1, 1, -0.186297, -0.0117503, -0.254659, 0.948844)
tracks/14/type = "rotation_3d"
tracks/14/imported = true
tracks/14/enabled = true
tracks/14/path = NodePath("Armature/Skeleton3D:H_Leg_L")
tracks/14/interp = 1
tracks/14/loop_wrap = true
tracks/14/keys = PackedFloat32Array(0, 1, 0.621004, 0.559978, 0.414059, 0.35963, 0.0333333, 1, 0.632445, 0.549715, 0.421297, 0.346894, 0.0666667, 1, 0.658797, 0.523724, 0.438374, 0.315481, 0.1, 1, 0.688961, 0.48923, 0.458882, 0.274616, 0.133333, 1, 0.71488, 0.453893, 0.477605, 0.234141, 0.166667, 1, 0.732074, 0.426406, 0.490766, 0.203456, 0.2, 1, 0.738262, 0.415481, 0.495723, 0.191318, 0.233333, 1, 0.723042, 0.426718, 0.499844, 0.212786, 0.266667, 1, 0.634836, 0.481438, 0.490683, 0.352747, 0.3, 1, 0.638717, 0.400291, 0.550682, 0.358548, 0.333333, 1, 0.641916, 0.383542, 0.562982, 0.351981, 0.366667, 1, 0.642856, 0.376245, 0.568359, 0.349491, 0.4, 1, 0.642917, 0.375589, 0.568851, 0.349283, 0.433333, 1, 0.642745, 0.377329, 0.567549, 0.349842, 0.466667, 1, 0.642316, 0.380854, 0.564934, 0.35104, 0.5, 1, 0.641419, 0.386625, 0.560722, 0.353121, 0.533333, 1, 0.639794, 0.395117, 0.554562, 0.35638, 0.566667, 1, 0.637307, 0.406509, 0.546009, 0.361198, 0.6, 1, 0.633359, 0.42158, 0.534616, 0.367849, 0.633333, 1, 0.671757, 0.46846, 0.492852, 0.293913, 0.666667, 1, 0.71211, 0.436325, 0.49969, 0.229846, 0.7, 1, 0.730333, 0.420698, 0.498844, 0.201944, 0.733333, 1, 0.737447, 0.415912, 0.496194, 0.192305, 0.766667, 1, 0.737224, 0.417359, 0.494884, 0.193394, 0.8, 1, 0.729458, 0.430848, 0.488715, 0.208371, 0.833333, 1, 0.71488, 0.453893, 0.477605, 0.234141, 0.866667, 1, 0.694672, 0.481953, 0.462902, 0.266223, 0.9, 1, 0.670959, 0.510547, 0.446492, 0.299669, 0.933333, 1, 0.64724, 0.535558, 0.430809, 0.329638, 0.966667, 1, 0.628572, 0.553253, 0.418836, 0.351262, 1, 1, 0.621004, 0.559978, 0.414059, 0.35963)
tracks/15/type = "rotation_3d"
tracks/15/imported = true
tracks/15/enabled = true
tracks/15/path = NodePath("Armature/Skeleton3D:H_Thigh_L")
tracks/15/interp = 1
tracks/15/loop_wrap = true
tracks/15/keys = PackedFloat32Array(0, 1, -0.224737, 0.00401656, 0.119278, 0.967083, 0.0333333, 1, -0.228718, 0.00760509, 0.120413, 0.965987, 0.0666667, 1, -0.237469, 0.0160396, 0.124723, 0.963221, 0.1, 1, -0.245612, 0.0264761, 0.13272, 0.959875, 0.133333, 1, -0.250799, 0.0359463, 0.144083, 0.956581, 0.166667, 1, -0.252881, 0.0424781, 0.155154, 0.954031, 0.2, 1, -0.253199, 0.0449313, 0.160146, 0.953008, 0.233333, 1, -0.238153, 0.0354872, 0.195957, 0.950592, 0.266667, 1, -0.124559, -0.0126504, 0.201858, 0.97138, 0.3, 1, -0.0039859, -0.0195192, 0.00724611, 0.999775, 0.366667, 1, -0.00406844, -0.0209122, 0.00767187, 0.999744, 0.533333, 1, -0.00414429, -0.0198915, 0.00760626, 0.999765, 0.6, 1, -0.00402162, -0.0187404, 0.00714842, 0.999791, 0.633333, 1, -0.186982, 0.0059133, 0.237233, 0.95327, 0.666667, 1, -0.228029, 0.0288539, 0.212021, 0.949851, 0.7, 1, -0.245057, 0.0399833, 0.181564, 0.951516, 0.733333, 1, -0.252321, 0.0444246, 0.162784, 0.952818, 0.766667, 1, -0.25316, 0.0445204, 0.159263, 0.953186, 0.8, 1, -0.252648, 0.0414734, 0.153219, 0.954449, 0.833333, 1, -0.250799, 0.0359463, 0.144083, 0.956581, 0.866667, 1, -0.24698, 0.0284932, 0.13484, 0.95917, 0.9, 1, -0.240955, 0.0201766, 0.127381, 0.961929, 0.933333, 1, -0.233704, 0.0123131, 0.122506, 0.964481, 0.966667, 1, -0.227382, 0.00638501, 0.119985, 0.966364, 1, 1, -0.224737, 0.00401656, 0.119278, 0.967083)
tracks/16/type = "rotation_3d"
tracks/16/imported = true
tracks/16/enabled = true
tracks/16/path = NodePath("Armature/Skeleton3D:H_Foot_L")
tracks/16/interp = 1
tracks/16/loop_wrap = true
tracks/16/keys = PackedFloat32Array(0, 1, 0.0200921, -0.0105357, -0.565398, 0.824506, 0.0333333, 1, 0.0177674, -0.00790382, -0.583181, 0.812109, 0.0666667, 1, 0.0125828, -0.00202252, -0.622103, 0.782832, 0.1, 1, 0.00671001, 0.00467355, -0.662408, 0.749098, 0.133333, 1, 0.00225221, 0.00974625, -0.692623, 0.72123, 0.166667, 1, -0.000191521, 0.0124737, -0.709562, 0.704532, 0.2, 1, -0.000933857, 0.0132978, -0.714854, 0.699146, 0.233333, 1, 0.0112814, -0.000505662, -0.636357, 0.771312, 0.266667, 1, 0.0495734, -0.0501199, -0.216383, 0.97376, 0.3, 1, 0.00337577, -0.0547533, -0.0057033, 0.998478, 0.6, 1, 0.00343115, -0.054831, -0.00562432, 0.998474, 0.633333, 1, 0.0399678, -0.0329108, -0.409051, 0.911042, 0.666667, 1, 0.018539, -0.0086144, -0.586022, 0.810038, 0.7, 1, 0.00587079, 0.00556914, -0.672001, 0.740506, 0.733333, 1, -0.000173238, 0.0124301, -0.71014, 0.703951, 0.766667, 1, -0.000817762, 0.0131705, -0.714003, 0.700018, 0.8, 1, 0.000140428, 0.0121093, -0.707184, 0.706926, 0.833333, 1, 0.00225219, 0.00974627, -0.692623, 0.72123, 0.866667, 1, 0.00568918, 0.00583246, -0.669471, 0.742794, 0.9, 1, 0.0101324, 0.000768774, -0.638908, 0.769216, 0.933333, 1, 0.0148193, -0.00456084, -0.6054, 0.79577, 0.966667, 1, 0.0185509, -0.00879126, -0.577218, 0.816332, 1, 1, 0.0200921, -0.0105357, -0.565398, 0.824506)
tracks/17/type = "rotation_3d"
tracks/17/imported = true
tracks/17/enabled = true
tracks/17/path = NodePath("Armature/Skeleton3D:H_Toe_L")
tracks/17/interp = 1
tracks/17/loop_wrap = true
tracks/17/keys = PackedFloat32Array(0, 1, -0.0254898, -0.0228293, -0.295618, 0.954693, 0.0333333, 1, -0.0268595, -0.0225836, -0.305299, 0.95161, 0.0666667, 1, -0.029933, -0.0220251, -0.327238, 0.944211, 0.1, 1, -0.0333977, -0.0213504, -0.350855, 0.93559, 0.133333, 1, -0.0361418, -0.0208207, -0.370143, 0.928038, 0.166667, 1, -0.0377529, -0.0205257, -0.382111, 0.923117, 0.2, 1, -0.0382824, -0.0204324, -0.3862, 0.921394, 0.233333, 1, -0.0320009, -0.0217854, -0.348178, 0.936629, 0.266667, 1, -0.00583044, -0.0260465, -0.128417, 0.991361, 0.3, 1, -0.00225778, -0.0257565, 0.000622245, 0.999665, 0.6, 1, -0.00229469, -0.0257874, 0.00053991, 0.999665, 0.633333, 1, -0.0155075, -0.0248019, -0.234567, 0.97166, 0.666667, 1, -0.0281007, -0.0225664, -0.323474, 0.94555, 0.7, 1, -0.0348259, -0.0211934, -0.365544, 0.929901, 0.733333, 1, -0.037901, -0.0205178, -0.383939, 0.922352, 0.766667, 1, -0.0381971, -0.0204469, -0.385524, 0.92168, 0.8, 1, -0.0375235, -0.0205656, -0.380335, 0.923858, 0.833333, 1, -0.0361418, -0.0208207, -0.370143, 0.928038, 0.866667, 1, -0.034018, -0.0212322, -0.355243, 0.933913, 0.9, 1, -0.0313587, -0.0217456, -0.336817, 0.940796, 0.933333, 1, -0.0286018, -0.0222676, -0.317675, 0.947507, 0.966667, 1, -0.0263977, -0.0226668, -0.302033, 0.952662, 1, 1, -0.0254898, -0.0228293, -0.295618, 0.954693)
tracks/18/type = "rotation_3d"
tracks/18/imported = true
tracks/18/enabled = true
tracks/18/path = NodePath("Armature/Skeleton3D:H_Leg_R")
tracks/18/interp = 1
tracks/18/loop_wrap = true
tracks/18/keys = PackedFloat32Array(0, 1, 0.615338, -0.565322, -0.409787, 0.365847, 0.0333333, 1, 0.609371, -0.571815, -0.40371, 0.372441, 0.0666667, 1, 0.592322, -0.58894, -0.387336, 0.390224, 0.1, 1, 0.565618, -0.612602, -0.363557, 0.415478, 0.133333, 1, 0.533471, -0.63739, -0.336865, 0.44234, 0.166667, 1, 0.504677, -0.65692, -0.314191, 0.463726, 0.2, 1, 0.49204, -0.664824, -0.304536, 0.472402, 0.233333, 1, 0.505049, -0.650565, -0.325914, 0.464188, 0.266667, 1, 0.477556, -0.640822, -0.349693, 0.488879, 0.3, 1, 0.496531, -0.564428, -0.441279, 0.490053, 0.333333, 1, 0.532485, -0.520399, -0.480218, 0.46372, 0.366667, 1, 0.548456, -0.498468, -0.497919, 0.450334, 0.4, 1, 0.549933, -0.49638, -0.499548, 0.449035, 0.433333, 1, 0.545984, -0.502041, -0.495096, 0.452479, 0.466667, 1, 0.538109, -0.51282, -0.486461, 0.459141, 0.5, 1, 0.525664, -0.529226, -0.472802, 0.469101, 0.533333, 1, 0.507784, -0.55134, -0.453368, 0.482324, 0.566667, 1, 0.483617, -0.578787, -0.427461, 0.498395, 0.6, 1, 0.452924, -0.610471, -0.394673, 0.516158, 0.633333, 1, 0.498031, -0.639884, -0.346765, 0.471453, 0.666667, 1, 0.507529, -0.645321, -0.334293, 0.462843, 0.7, 1, 0.500855, -0.655909, -0.317732, 0.466877, 0.733333, 1, 0.493256, -0.663696, -0.306208, 0.471638, 0.766667, 1, 0.494262, -0.663463, -0.306222, 0.470902, 0.8, 1, 0.509595, -0.653731, -0.317994, 0.46025, 0.833333, 1, 0.533471, -0.63739, -0.336865, 0.44234, 0.866667, 1, 0.559414, -0.617656, -0.358269, 0.420953, 0.9, 1, 0.582652, -0.5979, -0.378507, 0.399705, 0.933333, 1, 0.600421, -0.58104, -0.39496, 0.381961, 0.966667, 1, 0.611479, -0.569557, -0.405831, 0.370136, 1, 1, 0.615338, -0.565322, -0.409787, 0.365847)
tracks/19/type = "rotation_3d"
tracks/19/imported = true
tracks/19/enabled = true
tracks/19/path = NodePath("Armature/Skeleton3D:H_Thigh_R")
tracks/19/interp = 1
tracks/19/loop_wrap = true
tracks/19/keys = PackedFloat32Array(0, 1, -0.223237, -0.00236745, -0.117147, 0.967696, 0.0333333, 1, -0.222741, -0.000872539, -0.111322, 0.968501, 0.0666667, 1, -0.220511, 0.00352595, -0.0978925, 0.970453, 0.1, 1, -0.21555, 0.010501, -0.0830483, 0.972898, 0.133333, 1, -0.208164, 0.0186717, -0.0717509, 0.97528, 0.166667, 1, -0.200598, 0.0256959, -0.0656911, 0.977131, 0.2, 1, -0.197023, 0.0286688, -0.0639505, 0.977891, 0.233333, 1, -0.192589, 0.0264406, -0.0855427, 0.977186, 0.266667, 1, -0.137072, 0.0372019, -0.132503, 0.980954, 0.3, 1, -0.00497159, 0.0368966, -0.00695275, 0.999283, 0.333333, 1, -0.00494685, 0.0325768, -0.00734571, 0.99943, 0.366667, 1, -0.00462961, 0.0309811, -0.00706455, 0.999484, 0.466667, 1, -0.00472713, 0.0319954, -0.00707638, 0.999452, 0.5, 1, -0.00487067, 0.0333185, -0.00714048, 0.999407, 0.533333, 1, -0.00503932, 0.0354306, -0.00718176, 0.999334, 0.566667, 1, -0.00490621, 0.038709, -0.0067163, 0.999216, 0.6, 1, -0.00509386, 0.0435287, -0.00664779, 0.999017, 0.633333, 1, -0.167025, 0.0311561, -0.125969, 0.977376, 0.666667, 1, -0.188261, 0.0265645, -0.09736, 0.97692, 0.7, 1, -0.195067, 0.0270494, -0.0762033, 0.977451, 0.733333, 1, -0.196859, 0.0284184, -0.0653481, 0.977839, 0.766667, 1, -0.197661, 0.0281481, -0.0642215, 0.977759, 0.8, 1, -0.201956, 0.0245319, -0.0665057, 0.976826, 0.833333, 1, -0.208164, 0.0186717, -0.0717509, 0.97528, 0.866667, 1, -0.214227, 0.0121127, -0.0803974, 0.973394, 0.9, 1, -0.21888, 0.00605348, -0.0917972, 0.971405, 0.933333, 1, -0.22169, 0.00142121, -0.103757, 0.96958, 0.966667, 1, -0.222938, -0.00140454, -0.113299, 0.968225, 1, 1, -0.223237, -0.00236745, -0.117147, 0.967696)
tracks/20/type = "rotation_3d"
tracks/20/imported = true
tracks/20/enabled = true
tracks/20/path = NodePath("Armature/Skeleton3D:H_Foot_R")
tracks/20/interp = 1
tracks/20/loop_wrap = true
tracks/20/keys = PackedFloat32Array(0, 1, 0.0209175, 0.0114632, 0.559208, 0.828684, 0.0333333, 1, 0.021076, 0.011619, 0.558694, 0.829025, 0.0666667, 1, 0.0220975, 0.0126957, 0.552987, 0.8328, 0.1, 1, 0.0246526, 0.0154806, 0.53604, 0.843691, 0.133333, 1, 0.028471, 0.0197229, 0.507797, 0.86078, 0.166667, 1, 0.0321789, 0.0239287, 0.47749, 0.877722, 0.2, 1, 0.0338284, 0.0258329, 0.462982, 0.885345, 0.233333, 1, 0.0358059, 0.0282711, 0.437718, 0.897954, 0.266667, 1, 0.0493261, 0.0473221, 0.230419, 0.970688, 0.3, 1, 0.00414354, 0.053664, 0.00548584, 0.998535, 0.6, 1, 0.00424007, 0.0541247, 0.00529042, 0.998511, 0.633333, 1, 0.0449751, 0.0396345, 0.326676, 0.943233, 0.666667, 1, 0.0376936, 0.0305946, 0.416044, 0.908048, 0.7, 1, 0.0347403, 0.0269503, 0.450848, 0.891517, 0.733333, 1, 0.0338929, 0.0259149, 0.461892, 0.885909, 0.766667, 1, 0.0335367, 0.0254949, 0.465582, 0.884001, 0.8, 1, 0.0315451, 0.023201, 0.482945, 0.874775, 0.833333, 1, 0.028471, 0.0197229, 0.507797, 0.86078, 0.866667, 1, 0.0253497, 0.0162475, 0.531146, 0.846745, 0.9, 1, 0.0229213, 0.0135872, 0.547746, 0.836221, 0.933333, 1, 0.0215265, 0.0120886, 0.55635, 0.830581, 0.966667, 1, 0.0210049, 0.0115473, 0.558985, 0.828831, 1, 1, 0.0209175, 0.0114632, 0.559208, 0.828684)
tracks/21/type = "rotation_3d"
tracks/21/imported = true
tracks/21/enabled = true
tracks/21/path = NodePath("Armature/Skeleton3D:H_Toe_R")
tracks/21/interp = 1
tracks/21/loop_wrap = true
